FullFull_SIMD
100*100
1 55.14
2 19.36
4 9.97
8 5.35
16 2.88
32 1.88
FullFull
100*100
1 55.14
2 30.3635
4 15.3384
8 8.03286
16 4.41813
32 2.8164
Diagonal
100*100
1 0.539993
2 0.276272
4 0.147141
8 0.0825669,
16 0.0472911
32 0.0381124
Blocked_collapse_50
100*100
1 57.7616
2 20.2691
4 10.5196
8 10.6803
16 10.7734
32 12.0993
BlockedBlocked_100
100*100
1 57.7616
2 41.1071
4 38.3268
8 39.3798
16 39.5758
32 41.2365
BlockedBlocked_25
100*100
1 57.7616
2 19.5127
4 10.2651
8 5.24356
16 2.73264
32 3.02336
BlockedBlocked_Custom
100*100
1 57.7616
2 20.8557
4 10.6811
8 4.93905
16 2.88121
32 1.76992
Triangular_static
100*100
1 27.7579
2 21.9624
4 12.5383
8 7.40708
16 4.11295
32 2.71472
Triangular_dynamic_1
100*100
1 27.7579
2 14.0491
4 7.20929
8 3.70785
16 1.91563
32 1.1478
Triangular_dynamic_4
100*100
1 27.7579
2 13.8898
4 7.28285
8 3.98158
16 2.34235
32 2.61614
Triangular_dynamic_8
100*100
1 27.7579
2 14.5321
4 7.85589
8 4.49192
16 4.6
32 5.16312
Triangular_guided
1 27.7579
2 21.2792
4 12.3941
8 7.11495
16 4.02929
32 2.63444

